
CVmicro =

   1.001474968830889
